,theta,phi,flux
0,188.557,1.547,1044.9921603088308
1,161.128,101.22,4775.810739510367
2,42.534,101.417,4700.355937091666
3,204.032,102.505,4755.131250464521
4,356.922,103.498,4683.115209850906
5,223.616,103.53,4740.732514512657
6,329.359,104.249,4686.910541012456
7,275.19,105.466,4638.765561555549
8,177.358,106.559,4676.042151785049
9,149.466,106.965,4625.639715803316
10,299.613,107.015,4589.361653358402
11,94.782,107.228,4592.345027985871
12,53.485,107.366,4595.520288560443
13,13.413,107.787,4540.321424646134
14,315.892,107.812,4580.814769516436
15,66.718,108.424,4582.067464720256
16,234.996,108.867,4597.327578911573
17,119.507,108.916,4530.401846634364
18,248.47,109.005,4579.913102132758
19,31.681,109.851,4477.386191034273
20,301.359,11.668,1231.1148816016296
21,135.775,110.191,4509.620366883968
22,287.066,110.474,4481.930365032324
23,346.348,110.633,4511.754538634484
24,194.167,110.72,4537.805421178091
25,106.622,112.141,4437.191345671178
26,212.865,112.32,4474.373554961872
27,263.957,112.359,4442.25896620983
28,82.316,113.088,4429.501683796949
29,166.564,113.649,4434.61858685443
30,3.327,115.878,4284.753025674441
31,334.225,116.379,4299.352022674697
32,42.494,117.645,4213.300405194223
33,304.123,118.588,4177.4063563908285
34,21.796,118.822,4137.67890220942
35,183.946,118.918,4224.828994714289
36,154.072,119.242,4191.479601141004
37,320.069,119.577,4151.518765233921
38,224.24,119.631,4179.3662036605865
39,28.153,12.286,1218.1730788563866
40,123.291,120.682,4085.782277673466
41,70.022,120.805,4113.34754489384
42,273.445,121.022,4068.5987537937367
43,252.268,121.138,4089.9756129678226
44,203.027,121.552,4087.5422523307516
45,55.781,121.795,4058.579542631526
46,91.658,122.033,4041.294071421807
47,139.479,122.132,4030.6179467585716
48,238.005,123.053,4006.081654484119
49,351.988,123.321,3972.2383166488953
50,288.576,123.421,3939.289469901337
51,107.043,125.005,3882.102339973765
52,172.259,126.387,3848.0423581691334
53,11.427,127.759,3705.1774722195155
54,33.074,128.054,3691.6248099064533
55,338.414,129.189,3663.1400842121907
56,133.74,13.174,1232.2389126619385
57,215.08,130.388,3596.9813379747475
58,192.542,130.689,3590.210779801349
59,304.709,130.779,3541.675631599075
60,264.15,130.98,3534.189538126962
61,81.324,131.273,3557.78470068914
62,158.052,132.15,3504.0764863050435
63,322.232,132.187,3476.9067455386403
64,122.992,132.896,3428.0196916287678
65,48.089,134.131,3357.874412340524
66,141.053,134.833,3317.3366599236197
67,283.753,135.007,3270.721301329083
68,65.563,135.461,3300.7234104256345
69,231.007,135.768,3259.793440849078
70,359.007,135.974,3226.9695363227124
71,248.899,136.127,3226.1305116283543
72,100.961,136.265,3230.546812848648
73,23.126,138.345,3058.8003583676045
74,179.649,139.037,3064.206887986123
75,205.302,140.981,2912.9161918549976
76,342.779,142.379,2815.3849712713995
77,300.649,142.973,2745.475774198183
78,271.355,144.374,2642.414988522931
79,87.026,144.895,2665.8860937318086
80,117.492,144.902,2641.838658250527
81,322.166,145.275,2604.8208030474602
82,162.29,145.412,2618.0786537654
83,40.964,146.12,2553.001531194323
84,139.99,147.93,2430.6491919964237
85,10.033,147.982,2406.9631349127444
86,224.904,148.056,2402.5358652834047
87,64.828,148.722,2399.3181565955024
88,249.989,149.428,2294.0851189573336
89,204.377,15.231,1362.823251692556
90,78.678,15.927,1351.6880065509752
91,191.918,150.909,2212.7305096172663
92,288.283,154.174,1951.2073542743208
93,102.347,155.466,1919.764085436088
94,349.328,155.667,1885.2298420342656
95,31.366,157.786,1751.4869761417144
96,317.998,158.525,1687.3951581090282
97,169.141,158.752,1688.8970873682852
98,216.93,160.069,1579.7441199979594
99,133.195,161.033,1556.1061692853893
100,69.384,161.227,1569.311215506873
101,258.582,161.61,1478.3769541228949
102,7.988,168.329,1213.8916112743088
103,249.273,17.235,1489.5699226711874
104,295.584,171.034,1111.3376909797619
105,193.747,171.252,1118.0276042262487
106,96.246,172.338,1130.7608232817272
107,347.85,18.927,1558.962885032886
108,170.686,21.853,1731.743954305965
109,303.29,24.103,1888.9281432718196
110,129.356,25.537,1939.6431306596457
111,27.91,25.949,1968.0483628617367
112,99.068,26.314,1983.8662877537167
113,272.804,26.508,2062.710214040599
114,56.252,26.692,2017.2904567583132
115,232.211,28.867,2248.7622619223007
116,206.16,28.868,2234.8979525636523
117,331.079,29.339,2245.8442323963445
118,4.025,30.994,2336.4540241507843
119,154.303,31.866,2419.807366252116
120,77.912,33.674,2511.6919606263923
121,184.523,34.074,2601.739380950006
122,253.847,34.947,2671.980984581503
123,301.674,36.82,2763.0333047030026
124,125.563,38.106,2820.189430637729
125,281.431,38.821,2908.0096935529023
126,105.392,38.975,2872.935878796946
127,49.205,39.145,2884.6270123875506
128,347.902,39.224,2929.250297693346
129,29.148,39.413,2895.99573477816
130,321.463,40.621,3026.088913971672
131,227.138,41.526,3139.221014185427
132,169.309,42.152,3155.527159579126
133,208.136,42.283,3178.38190655214
134,144.194,42.812,3161.0786854800995
135,11.689,43.93,3205.5367855627374
136,67.701,44.335,3242.1869228707237
137,89.723,45.304,3296.5353861197873
138,266.777,46.056,3397.0529305299488
139,245.362,46.07,3427.2779501862515
140,191.724,46.993,3475.6289850027692
141,336.384,48.753,3545.294754432671
142,297.772,50.092,3612.379116548619
143,357.927,51.012,3656.822851833269
144,120.5,51.113,3638.7819777639033
145,157.983,51.447,3723.113983418888
146,47.859,51.752,3674.091402024544
147,313.379,52.199,3734.090886286845
148,31.414,52.525,3704.31988558682
149,282.871,53.448,3806.8009748852533
150,105.424,53.519,3774.190533416393
151,135.614,54.051,3824.5605779131215
152,178.579,54.061,3892.9682635868894
153,226.757,54.138,3909.802072931416
154,210.852,55.314,3958.1347990177483
155,81.139,55.6,3900.871778641466
156,64.568,56.262,3938.767970713438
157,259.408,56.884,4020.896417674611
158,17.002,56.911,3938.0626591266905
159,243.356,58.127,4104.793056853781
160,326.63,58.678,4080.651959007535
161,346.775,59.337,4112.196478501775
162,197.003,59.912,4182.725866247292
163,148.159,61.097,4192.851048289305
164,93.977,61.841,4185.818080467266
165,167.687,62.269,4279.83741742797
166,272.242,62.652,4265.378149396136
167,4.892,63.477,4256.623407028887
168,49.865,63.931,4272.265767795225
169,304.286,64.057,4300.6555705081855
170,290.567,64.834,4330.297946029186
171,34.844,65.062,4295.806728302664
172,112.535,65.332,4323.219383409385
173,126.111,65.467,4336.020120809905
174,229.41,66.195,4462.850560285897
175,185.275,66.541,4463.450772008554
176,214.649,67.72,4502.250529708597
177,336.794,68.047,4469.563499642234
178,316.668,68.517,4473.160265436818
179,66.772,68.572,4467.007987595944
180,79.742,69.166,4483.582811124404
181,21.891,69.571,4448.717343471311
182,246.467,70.353,4589.068717981204
183,138.046,70.585,4530.897350978287
184,259.256,70.781,4579.694097596169
185,157.76,70.797,4581.485215653623
186,354.398,71.14,4553.782816469298
187,202.014,72.472,4649.545330264138
188,99.171,72.94,4576.422075745471
189,277.578,73.78,4631.973603004777
190,174.971,74.173,4700.624003578762
191,54.94,75.136,4647.591882271096
192,10.733,76.031,4638.978344639349
193,326.682,76.511,4703.690920010451
194,39.772,76.669,4649.57806336962
195,290.678,77.012,4691.366878932698
196,235.062,77.137,4772.271403194497
197,112.301,77.598,4682.437150406576
198,304.362,77.928,4711.182789465585
199,147.592,79.007,4752.936721482964
200,191.084,79.054,4798.464650707375
201,344.584,79.115,4757.132539820147
202,219.946,79.119,4804.399278197507
203,125.622,79.474,4722.912382540046
204,89.091,79.756,4738.926093462845
205,76.146,81.34,4773.310087450306
206,27.308,81.567,4718.230410422661
207,165.199,82.047,4833.586321154227
208,268.974,82.806,4807.712693315109
209,257.247,82.909,4830.819808108948
210,0.695,83.455,4783.4424225271105
211,315.041,84.068,4805.6567666128285
212,207.654,84.314,4860.841789301099
213,64.118,84.518,4814.084688621851
214,244.932,86.014,4876.367157193245
215,135.868,86.194,4815.070517424655
216,181.153,86.515,4890.325568096094
217,334.506,86.733,4841.873737984624
218,46.726,86.75,4798.540166987022
219,282.286,87.167,4821.080499774425
220,104.35,87.49,4804.967127508727
221,16.575,88.266,4778.844782172455
222,227.314,88.863,4899.225755550782
223,155.058,89.493,4866.855488980786
224,299.366,89.661,4822.879050484395
225,270.0,90.0,4843.395349066354
226,90.0,90.0,4824.752084933308
227,350.987,91.104,4841.730674486775
228,120.272,91.194,4805.466807285347
229,197.052,91.195,4886.289959591298
230,33.968,92.428,4777.881905424593
231,323.177,93.24,4836.153125956494
232,171.432,94.131,4878.260136884425
233,56.472,94.25,4819.690126837639
234,95.371,94.901,4799.97597575507
235,214.637,94.931,4863.056503567004
236,143.607,95.729,4813.360281915496
237,237.531,95.804,4862.609705150239
238,6.723,95.814,4774.02211044167
239,289.574,96.718,4781.682759208138
240,70.504,96.949,4804.546658691843
241,252.144,97.459,4827.394520958062
242,309.317,97.481,4781.04798042
243,110.402,98.189,4759.368934707911
244,340.807,98.3,4796.403575745181
245,264.145,98.469,4789.948316642444
246,187.238,98.843,4829.737686151513
247,129.672,99.552,4749.371113346627
248,23.282,99.745,4701.643719893501
249,82.253,99.972,4762.221598894272
